date,symbol,reportedCurrency,cik,fillingDate,acceptedDate,calendarYear,period,netIncome,depreciationAndAmortization,deferredIncomeTax,stockBasedCompensation,changeInWorkingCapital,accountsReceivables,inventory,accountsPayables,otherWorkingCapital,otherNonCashItems,netCashProvidedByOperatingActivities,investmentsInPropertyPlantAndEquipment,acquisitionsNet,purchasesOfInvestments,salesMaturitiesOfInvestments,otherInvestingActivites,netCashUsedForInvestingActivites,debtRepayment,commonStockIssued,commonStockRepurchased,dividendsPaid,otherFinancingActivites,netCashUsedProvidedByFinancingActivities,effectOfForexChangesOnCash,netChangeInCash,cashAtEndOfPeriod,cashAtBeginningOfPeriod,operatingCashFlow,capitalExpenditure,freeCashFlow,link,finalLink
2022-06-30,EXN.TO,USD,,2022-06-30,2022-06-30,2022,Q2,-4740000.0,0.0,90000.0,72000.0,-33000.0,350000.0,211000.0,-137000.0,0.0,4537000.0,-74000.0,-554000.0,0.0,0.0,89000.0,184000.0,-281000.0,-44000.0,0.0,0.0,0.0,-6000.0,-50000.0,-80000.0,-485000.0,2865000.0,3350000.0,-74000.0,-554000.0,-628000.0,https://www.sedar.com/ModifyCompanyDocumentSearchForm.do?lang=EN&company_search=Excellon Resources Inc.&document_selection=0&industry_group=A&FromDate=13&FromMonth=05&FromYear=2000&ToDate=13&ToMonth=11&ToYear=2020&Variable=Issuer,https://www.sedar.com/ModifyCompanyDocumentSearchForm.do?lang=EN&company_search=Excellon Resources Inc.&document_selection=0&industry_group=A&FromDate=13&FromMonth=05&FromYear=2000&ToDate=13&ToMonth=11&ToYear=2020&Variable=Issuer
2022-03-31,EXN.TO,USD,,2022-03-31,2022-03-31,2022,Q1,-1700000.0,0.0,-67000.0,188000.0,-1419000.0,-165000.0,222000.0,-1859000.0,0.0,3490000.0,492000.0,-910000.0,0.0,0.0,228000.0,100000.0,-582000.0,-77000.0,0.0,0.0,0.0,-25000.0,-102000.0,-529000.0,-721000.0,3350000.0,4071000.0,492000.0,-910000.0,-418000.0,https://www.sedar.com/ModifyCompanyDocumentSearchForm.do?lang=EN&company_search=Excellon Resources Inc.&document_selection=0&industry_group=A&FromDate=13&FromMonth=05&FromYear=2000&ToDate=13&ToMonth=11&ToYear=2020&Variable=Issuer,https://www.sedar.com/ModifyCompanyDocumentSearchForm.do?lang=EN&company_search=Excellon Resources Inc.&document_selection=0&industry_group=A&FromDate=13&FromMonth=05&FromYear=2000&ToDate=13&ToMonth=11&ToYear=2020&Variable=Issuer
2021-12-31,EXN.TO,USD,,2021-12-31,2021-12-31,2021,Q4,-21446000.0,0.0,165000.0,128000.0,1188000.0,127000.0,391000.0,84000.0,0.0,20914000.0,949000.0,-1421000.0,0.0,0.0,0.0,999000.0,-422000.0,-75000.0,0.0,0.0,0.0,-50000.0,-125000.0,269000.0,671000.0,4071000.0,3400000.0,949000.0,-1421000.0,-472000.0,https://www.sedar.com/ModifyCompanyDocumentSearchForm.do?lang=EN&company_search=Excellon Resources Inc.&document_selection=0&industry_group=A&FromDate=13&FromMonth=05&FromYear=2000&ToDate=13&ToMonth=11&ToYear=2020&Variable=Issuer,https://www.sedar.com/ModifyCompanyDocumentSearchForm.do?lang=EN&company_search=Excellon Resources Inc.&document_selection=0&industry_group=A&FromDate=13&FromMonth=05&FromYear=2000&ToDate=13&ToMonth=11&ToYear=2020&Variable=Issuer
2021-09-30,EXN.TO,USD,,2021-09-30,2021-09-30,2021,Q3,-30860000.0,1909000.0,4921000.0,286000.0,497000.0,1252000.0,-318000.0,-813000.0,0.0,23735000.0,488000.0,-2327000.0,0.0,0.0,0.0,0.0,-2327000.0,-110000.0,0.0,0.0,0.0,-10000.0,-120000.0,-117000.0,-2076000.0,3400000.0,5476000.0,488000.0,-2327000.0,-1839000.0,https://www.sedar.com/ModifyCompanyDocumentSearchForm.do?lang=EN&company_search=Excellon Resources Inc.&document_selection=0&industry_group=A&FromDate=13&FromMonth=05&FromYear=2000&ToDate=13&ToMonth=11&ToYear=2020&Variable=Issuer,https://www.sedar.com/ModifyCompanyDocumentSearchForm.do?lang=EN&company_search=Excellon Resources Inc.&document_selection=0&industry_group=A&FromDate=13&FromMonth=05&FromYear=2000&ToDate=13&ToMonth=11&ToYear=2020&Variable=Issuer
2021-06-30,EXN.TO,USD,,2021-06-30,2021-06-30,2021,Q2,-2545000.0,1900000.0,22000.0,362000.0,511000.0,-538000.0,-55000.0,2469000.0,0.0,1220000.0,1470000.0,-2630000.0,0.0,0.0,0.0,0.0,-2630000.0,-88000.0,0.0,0.0,0.0,7000.0,-81000.0,216000.0,-1025000.0,5476000.0,6501000.0,1470000.0,-2630000.0,-1160000.0,https://www.sedar.com/ModifyCompanyDocumentSearchForm.do?lang=EN&company_search=Excellon Resources Inc.&document_selection=0&industry_group=A&FromDate=13&FromMonth=05&FromYear=2000&ToDate=13&ToMonth=11&ToYear=2020&Variable=Issuer,https://www.sedar.com/ModifyCompanyDocumentSearchForm.do?lang=EN&company_search=Excellon Resources Inc.&document_selection=0&industry_group=A&FromDate=13&FromMonth=05&FromYear=2000&ToDate=13&ToMonth=11&ToYear=2020&Variable=Issuer
2021-03-31,EXN.TO,USD,,2021-03-31,2021-03-31,2021,Q1,-2922000.0,0.0,-31000.0,765000.0,-1744000.0,528000.0,-597000.0,-1890000.0,0.0,3107000.0,-825000.0,-959000.0,0.0,0.0,0.0,75000.0,-884000.0,-123000.0,0.0,0.0,0.0,3000.0,-120000.0,-50000.0,-1879000.0,6501000.0,8380000.0,-825000.0,-959000.0,-1784000.0,https://www.sedar.com/ModifyCompanyDocumentSearchForm.do?lang=EN&company_search=Excellon Resources Inc&document_selection=0&industry_group=A&FromDate=13&FromMonth=05&FromYear=2000&ToDate=13&ToMonth=11&ToYear=2020&Variable=Issuer,https://www.sedar.com/ModifyCompanyDocumentSearchForm.do?lang=EN&company_search=Excellon Resources Inc&document_selection=0&industry_group=A&FromDate=13&FromMonth=05&FromYear=2000&ToDate=13&ToMonth=11&ToYear=2020&Variable=Issuer
2020-12-31,EXN.TO,USD,,2020-12-31,2020-12-31,2020,Q4,-6008000.0,0.0,4702000.0,302000.0,2778000.0,0.0,0.0,0.0,0.0,3173000.0,4947000.0,-2967000.0,0.0,0.0,0.0,-189000.0,-3156000.0,191000.0,0.0,0.0,0.0,-128000.0,63000.0,-652000.0,1202000.0,8380000.0,7178000.0,4947000.0,-2967000.0,1980000.0,https://www.sedar.com/ModifyCompanyDocumentSearchForm.do?lang=EN&company_search=Excellon Resources Inc&document_selection=0&industry_group=A&FromDate=13&FromMonth=05&FromYear=2000&ToDate=13&ToMonth=11&ToYear=2020&Variable=Issuer,https://www.sedar.com/ModifyCompanyDocumentSearchForm.do?lang=EN&company_search=Excellon Resources Inc&document_selection=0&industry_group=A&FromDate=13&FromMonth=05&FromYear=2000&ToDate=13&ToMonth=11&ToYear=2020&Variable=Issuer
2020-09-30,EXN.TO,USD,,2020-09-30,2020-09-30,2020,Q3,-240000.0,0.0,-1906000.0,356000.0,-1022000.0,-2467000.0,600000.0,844000.0,0.0,1624000.0,-1188000.0,-1880000.0,0.0,0.0,0.0,0.0,-1880000.0,-6097000.0,0.0,0.0,0.0,13006000.0,6909000.0,-298000.0,3543000.0,7178000.0,3635000.0,-1188000.0,-1880000.0,-3068000.0,https://www.sedar.com/ModifyCompanyDocumentSearchForm.do?lang=EN&company_search=Excellon Resources Inc&document_selection=0&industry_group=A&FromDate=13&FromMonth=05&FromYear=2000&ToDate=13&ToMonth=11&ToYear=2020&Variable=Issuer,https://www.sedar.com/ModifyCompanyDocumentSearchForm.do?lang=EN&company_search=Excellon Resources Inc&document_selection=0&industry_group=A&FromDate=13&FromMonth=05&FromYear=2000&ToDate=13&ToMonth=11&ToYear=2020&Variable=Issuer
2020-06-30,EXN.TO,USD,,2020-06-30,2020-06-30,2020,Q2,-3400000.0,0.0,-6000.0,1005000.0,430000.0,664000.0,-582000.0,328000.0,0.0,-1917000.0,-3888000.0,-611000.0,51000.0,0.0,0.0,0.0,-560000.0,-17000.0,0.0,0.0,0.0,124000.0,107000.0,-466000.0,-4807000.0,3635000.0,8442000.0,-3888000.0,-611000.0,-4499000.0,https://www.sedar.com/ModifyCompanyDocumentSearchForm.do?lang=EN&company_search=Excellon Resources Inc&document_selection=0&industry_group=A&FromDate=13&FromMonth=05&FromYear=2000&ToDate=13&ToMonth=11&ToYear=2020&Variable=Issuer,https://www.sedar.com/ModifyCompanyDocumentSearchForm.do?lang=EN&company_search=Excellon Resources Inc&document_selection=0&industry_group=A&FromDate=13&FromMonth=05&FromYear=2000&ToDate=13&ToMonth=11&ToYear=2020&Variable=Issuer
2020-03-31,EXN.TO,USD,,2020-03-31,2020-03-31,2020,Q1,-6372000.0,0.0,845000.0,135000.0,1873000.0,1615000.0,233000.0,5000.0,0.0,3615000.0,96000.0,-3029000.0,0.0,0.0,0.0,0.0,-3029000.0,-437000.0,0.0,0.0,0.0,5871000.0,5434000.0,-403000.0,2098000.0,8442000.0,6344000.0,96000.0,-3029000.0,-2933000.0,https://www.sedar.com/ModifyCompanyDocumentSearchForm.do?lang=EN&company_search=Excellon Resources Inc&document_selection=0&industry_group=A&FromDate=13&FromMonth=05&FromYear=2000&ToDate=13&ToMonth=11&ToYear=2020&Variable=Issuer,https://www.sedar.com/ModifyCompanyDocumentSearchForm.do?lang=EN&company_search=Excellon Resources Inc&document_selection=0&industry_group=A&FromDate=13&FromMonth=05&FromYear=2000&ToDate=13&ToMonth=11&ToYear=2020&Variable=Issuer
2019-12-31,EXN.TO,USD,,2019-12-31,2019-12-31,2019,Q4,-1181000.0,0.0,-582000.0,184000.0,289000.0,-204000.0,-132000.0,167000.0,0.0,-128000.0,-1418000.0,-2176000.0,0.0,0.0,0.0,0.0,-2176000.0,-40000.0,0.0,0.0,0.0,705000.0,665000.0,838000.0,-2091000.0,6344000.0,8435000.0,-1418000.0,-2176000.0,-3594000.0,https://www.sedar.com/ModifyCompanyDocumentSearchForm.do?lang=EN&company_search=Excellon Resources Inc&document_selection=0&industry_group=A&FromDate=13&FromMonth=05&FromYear=2000&ToDate=13&ToMonth=11&ToYear=2020&Variable=Issuer,https://www.sedar.com/ModifyCompanyDocumentSearchForm.do?lang=EN&company_search=Excellon Resources Inc&document_selection=0&industry_group=A&FromDate=13&FromMonth=05&FromYear=2000&ToDate=13&ToMonth=11&ToYear=2020&Variable=Issuer
2019-09-30,EXN.TO,USD,,2019-09-30,2019-09-30,2019,Q3,-2902000.0,0.0,-423000.0,188000.0,-132000.0,-68000.0,-37000.0,76000.0,0.0,1582000.0,-1687000.0,-1069000.0,0.0,0.0,0.0,0.0,-1069000.0,-78000.0,7982000.0,0.0,0.0,10000.0,7914000.0,-118000.0,5041000.0,8435000.0,3394000.0,-1687000.0,-1069000.0,-2756000.0,https://www.sedar.com/ModifyCompanyDocumentSearchForm.do?lang=EN&company_search=Excellon Resources Inc&document_selection=0&industry_group=A&FromDate=13&FromMonth=05&FromYear=2000&ToDate=13&ToMonth=11&ToYear=2020&Variable=Issuer,https://www.sedar.com/ModifyCompanyDocumentSearchForm.do?lang=EN&company_search=Excellon Resources Inc&document_selection=0&industry_group=A&FromDate=13&FromMonth=05&FromYear=2000&ToDate=13&ToMonth=11&ToYear=2020&Variable=Issuer
2019-06-30,EXN.TO,USD,,2019-06-30,2019-06-30,2019,Q2,-2208000.0,0.0,640000.0,198000.0,1612000.0,494000.0,274000.0,866000.0,0.0,1578000.0,1820000.0,-1716000.0,0.0,0.0,0.0,0.0,-1716000.0,-119000.0,0.0,0.0,0.0,0.0,-119000.0,279000.0,265000.0,3394000.0,3129000.0,1820000.0,-1716000.0,104000.0,https://www.sedar.com/ModifyCompanyDocumentSearchForm.do?lang=EN&company_search=Excellon Resources Inc&document_selection=0&industry_group=A&FromDate=13&FromMonth=05&FromYear=2000&ToDate=13&ToMonth=11&ToYear=2020&Variable=Issuer,https://www.sedar.com/ModifyCompanyDocumentSearchForm.do?lang=EN&company_search=Excellon Resources Inc&document_selection=0&industry_group=A&FromDate=13&FromMonth=05&FromYear=2000&ToDate=13&ToMonth=11&ToYear=2020&Variable=Issuer
2019-03-31,EXN.TO,USD,,2019-03-31,2019-03-31,2019,Q1,-3785000.0,0.0,454000.0,529000.0,-1615000.0,-573000.0,-366000.0,-82000.0,0.0,1825000.0,-2592000.0,-841000.0,0.0,0.0,0.0,0.0,-841000.0,-97000.0,0.0,0.0,0.0,6000.0,-91000.0,236000.0,-3288000.0,3129000.0,6417000.0,-2592000.0,-841000.0,-3433000.0,https://www.sedar.com/ModifyCompanyDocumentSearchForm.do?lang=EN&company_search=Excellon Resources Inc&document_selection=0&industry_group=A&FromDate=13&FromMonth=05&FromYear=2000&ToDate=13&ToMonth=11&ToYear=2020&Variable=Issuer,https://www.sedar.com/ModifyCompanyDocumentSearchForm.do?lang=EN&company_search=Excellon Resources Inc&document_selection=0&industry_group=A&FromDate=13&FromMonth=05&FromYear=2000&ToDate=13&ToMonth=11&ToYear=2020&Variable=Issuer
2018-12-31,EXN.TO,USD,,2018-12-31,2018-12-31,2018,Q4,-4150000.0,0.0,2127000.0,-414000.0,-799000.0,-867000.0,-340000.0,110000.0,0.0,930000.0,-2306000.0,-877000.0,0.0,0.0,0.0,0.0,-877000.0,-98000.0,0.0,0.0,0.0,0.0,-98000.0,-564000.0,-3845000.0,6417000.0,10262000.0,-2306000.0,-877000.0,-3183000.0,https://www.sedar.com/ModifyCompanyDocumentSearchForm.do?lang=EN&company_search=Excellon Resources Inc&document_selection=0&industry_group=A&FromDate=13&FromMonth=05&FromYear=2000&ToDate=13&ToMonth=11&ToYear=2020&Variable=Issuer,https://www.sedar.com/ModifyCompanyDocumentSearchForm.do?lang=EN&company_search=Excellon Resources Inc&document_selection=0&industry_group=A&FromDate=13&FromMonth=05&FromYear=2000&ToDate=13&ToMonth=11&ToYear=2020&Variable=Issuer
2018-09-30,EXN.TO,USD,,2018-09-30,2018-09-30,2018,Q3,-3582000.0,0.0,-650000.0,338000.0,-755000.0,404000.0,-83000.0,-283000.0,0.0,-231000.0,-4880000.0,-939000.0,0.0,0.0,0.0,0.0,-939000.0,-89000.0,0.0,0.0,0.0,22000.0,-67000.0,473000.0,-5413000.0,10262000.0,15675000.0,-4880000.0,-939000.0,-5819000.0,https://www.sedar.com/ModifyCompanyDocumentSearchForm.do?lang=EN&company_search=Excellon Resources Inc&document_selection=0&industry_group=A&FromDate=13&FromMonth=05&FromYear=2000&ToDate=13&ToMonth=11&ToYear=2020&Variable=Issuer,https://www.sedar.com/ModifyCompanyDocumentSearchForm.do?lang=EN&company_search=Excellon Resources Inc&document_selection=0&industry_group=A&FromDate=13&FromMonth=05&FromYear=2000&ToDate=13&ToMonth=11&ToYear=2020&Variable=Issuer
2018-06-30,EXN.TO,USD,,2018-06-30,2018-06-30,2018,Q2,1254000.0,0.0,-896000.0,593000.0,2743000.0,1208000.0,1000.0,655000.0,0.0,1302000.0,4996000.0,-830000.0,0.0,0.0,0.0,0.0,-830000.0,-263000.0,0.0,0.0,0.0,1725000.0,1462000.0,-825000.0,4803000.0,15675000.0,10872000.0,4996000.0,-830000.0,4166000.0,https://www.sedar.com/ModifyCompanyDocumentSearchForm.do?lang=EN&company_search=Excellon Resources Inc&document_selection=0&industry_group=A&FromDate=13&FromMonth=05&FromYear=2000&ToDate=13&ToMonth=11&ToYear=2020&Variable=Issuer,https://www.sedar.com/ModifyCompanyDocumentSearchForm.do?lang=EN&company_search=Excellon Resources Inc&document_selection=0&industry_group=A&FromDate=13&FromMonth=05&FromYear=2000&ToDate=13&ToMonth=11&ToYear=2020&Variable=Issuer
2018-03-31,EXN.TO,USD,,2018-03-31,2018-03-31,2018,Q1,-1222000.0,0.0,750000.0,622000.0,-1481000.0,-296000.0,-618000.0,-648000.0,0.0,321000.0,-1010000.0,-597000.0,0.0,0.0,0.0,0.0,-597000.0,0.0,0.0,0.0,0.0,2000.0,2000.0,212000.0,-1393000.0,10872000.0,12265000.0,-1010000.0,-597000.0,-1607000.0,https://www.sedar.com/ModifyCompanyDocumentSearchForm.do?lang=EN&company_search=Excellon Resources Inc&document_selection=0&industry_group=A&FromDate=13&FromMonth=05&FromYear=2000&ToDate=13&ToMonth=11&ToYear=2020&Variable=Issuer,https://www.sedar.com/ModifyCompanyDocumentSearchForm.do?lang=EN&company_search=Excellon Resources Inc&document_selection=0&industry_group=A&FromDate=13&FromMonth=05&FromYear=2000&ToDate=13&ToMonth=11&ToYear=2020&Variable=Issuer
2017-12-31,EXN.TO,USD,,2017-12-31,2017-12-31,2017,Q4,1553000.0,0.0,-2371000.0,308000.0,564000.0,-811000.0,464000.0,322000.0,0.0,1081000.0,1135000.0,-1566000.0,0.0,0.0,0.0,0.0,-1566000.0,0.0,10608000.0,0.0,0.0,83000.0,10691000.0,-171000.0,10089000.0,12265000.0,2176000.0,1135000.0,-1566000.0,-431000.0,https://www.sedar.com/ModifyCompanyDocumentSearchForm.do?lang=EN&company_search=Excellon Resources Inc&document_selection=0&industry_group=A&FromDate=13&FromMonth=05&FromYear=2000&ToDate=13&ToMonth=11&ToYear=2020&Variable=Issuer,https://www.sedar.com/ModifyCompanyDocumentSearchForm.do?lang=EN&company_search=Excellon Resources Inc&document_selection=0&industry_group=A&FromDate=13&FromMonth=05&FromYear=2000&ToDate=13&ToMonth=11&ToYear=2020&Variable=Issuer
2017-09-30,EXN.TO,USD,,2017-09-30,2017-09-30,2017,Q3,-5907000.0,0.0,0.0,157000.0,-197000.0,129000.0,-128000.0,-486000.0,0.0,7214000.0,1267000.0,-945000.0,0.0,0.0,0.0,0.0,-945000.0,0.0,0.0,0.0,0.0,28000.0,28000.0,357000.0,707000.0,2176000.0,1469000.0,1267000.0,-945000.0,322000.0,https://www.sedar.com/ModifyCompanyDocumentSearchForm.do?lang=EN&company_search=Excellon Resources Inc&document_selection=0&industry_group=A&FromDate=13&FromMonth=05&FromYear=2000&ToDate=13&ToMonth=11&ToYear=2020&Variable=Issuer,https://www.sedar.com/ModifyCompanyDocumentSearchForm.do?lang=EN&company_search=Excellon Resources Inc&document_selection=0&industry_group=A&FromDate=13&FromMonth=05&FromYear=2000&ToDate=13&ToMonth=11&ToYear=2020&Variable=Issuer
2017-06-30,EXN.TO,USD,,2017-06-30,2017-06-30,2017,Q2,-502000.0,0.0,238000.0,140000.0,-968000.0,-608000.0,-91000.0,-273000.0,0.0,-1173000.0,-2265000.0,-1479000.0,0.0,0.0,3272000.0,0.0,1793000.0,0.0,0.0,0.0,0.0,78000.0,78000.0,283000.0,-111000.0,1469000.0,1580000.0,-2265000.0,-1479000.0,-3744000.0,https://www.sedar.com/ModifyCompanyDocumentSearchForm.do?lang=EN&company_search=Excellon Resources Inc&document_selection=0&industry_group=A&FromDate=13&FromMonth=05&FromYear=2000&ToDate=13&ToMonth=11&ToYear=2020&Variable=Issuer,https://www.sedar.com/ModifyCompanyDocumentSearchForm.do?lang=EN&company_search=Excellon Resources Inc&document_selection=0&industry_group=A&FromDate=13&FromMonth=05&FromYear=2000&ToDate=13&ToMonth=11&ToYear=2020&Variable=Issuer
2017-03-31,EXN.TO,USD,,2017-03-31,2017-03-31,2017,Q1,-835000.0,0.0,653000.0,569000.0,94000.0,-347000.0,24000.0,1370000.0,0.0,-1824000.0,-1343000.0,-2845000.0,0.0,0.0,0.0,0.0,-2845000.0,0.0,0.0,0.0,0.0,7000.0,7000.0,352000.0,-3829000.0,1580000.0,5409000.0,-1343000.0,-2845000.0,-4188000.0,https://www.sedar.com/ModifyCompanyDocumentSearchForm.do?lang=EN&company_search=Excellon Resources Inc&document_selection=0&industry_group=A&FromDate=13&FromMonth=05&FromYear=2000&ToDate=13&ToMonth=11&ToYear=2020&Variable=Issuer,https://www.sedar.com/ModifyCompanyDocumentSearchForm.do?lang=EN&company_search=Excellon Resources Inc&document_selection=0&industry_group=A&FromDate=13&FromMonth=05&FromYear=2000&ToDate=13&ToMonth=11&ToYear=2020&Variable=Issuer
2016-12-31,EXN.TO,USD,,2016-12-31,2016-12-31,2016,Q4,-55000.0,0.0,-1852000.0,319000.0,784000.0,908000.0,-505000.0,-482000.0,0.0,-1559000.0,-2363000.0,-2956000.0,0.0,0.0,0.0,0.0,-2956000.0,0.0,0.0,0.0,0.0,240000.0,240000.0,150000.0,-4929000.0,5409000.0,10338000.0,-2363000.0,-2956000.0,-5319000.0,https://www.sedar.com/ModifyCompanyDocumentSearchForm.do?lang=EN&company_search=Excellon Resources Inc&document_selection=0&industry_group=A&FromDate=13&FromMonth=05&FromYear=2000&ToDate=13&ToMonth=11&ToYear=2020&Variable=Issuer,https://www.sedar.com/ModifyCompanyDocumentSearchForm.do?lang=EN&company_search=Excellon Resources Inc&document_selection=0&industry_group=A&FromDate=13&FromMonth=05&FromYear=2000&ToDate=13&ToMonth=11&ToYear=2020&Variable=Issuer
2016-09-30,EXN.TO,USD,,2016-09-30,2016-09-30,2016,Q3,-7012000.0,0.0,57000.0,-16000.0,402000.0,590000.0,43000.0,-123000.0,0.0,6084000.0,-485000.0,-2887000.0,0.0,0.0,0.0,0.0,-2887000.0,0.0,10692000.0,0.0,0.0,0.0,10692000.0,-15000.0,7305000.0,10338000.0,3033000.0,-485000.0,-2887000.0,-3372000.0,https://www.sedar.com/ModifyCompanyDocumentSearchForm.do?lang=EN&company_search=Excellon Resources Inc&document_selection=0&industry_group=A&FromDate=13&FromMonth=05&FromYear=2000&ToDate=13&ToMonth=11&ToYear=2020&Variable=Issuer,https://www.sedar.com/ModifyCompanyDocumentSearchForm.do?lang=EN&company_search=Excellon Resources Inc&document_selection=0&industry_group=A&FromDate=13&FromMonth=05&FromYear=2000&ToDate=13&ToMonth=11&ToYear=2020&Variable=Issuer
2016-06-30,EXN.TO,USD,,2016-06-30,2016-06-30,2016,Q2,-4378000.0,0.0,-609000.0,90000.0,-1642000.0,-1003000.0,-343000.0,-300000.0,0.0,5379000.0,-1160000.0,-1747000.0,0.0,0.0,0.0,0.0,-1747000.0,0.0,2294000.0,0.0,0.0,46000.0,2340000.0,66000.0,-501000.0,3033000.0,3534000.0,-1160000.0,-1747000.0,-2907000.0,https://www.sedar.com/ModifyCompanyDocumentSearchForm.do?lang=EN&company_search=Excellon Resources Inc&document_selection=0&industry_group=A&FromDate=13&FromMonth=05&FromYear=2000&ToDate=13&ToMonth=11&ToYear=2020&Variable=Issuer,https://www.sedar.com/ModifyCompanyDocumentSearchForm.do?lang=EN&company_search=Excellon Resources Inc&document_selection=0&industry_group=A&FromDate=13&FromMonth=05&FromYear=2000&ToDate=13&ToMonth=11&ToYear=2020&Variable=Issuer
2016-03-31,EXN.TO,USD,,2016-03-31,2016-03-31,2016,Q1,-2626000.0,0.0,-56000.0,108000.0,131000.0,-769000.0,58000.0,706000.0,0.0,2835000.0,392000.0,-603000.0,0.0,0.0,0.0,0.0,-603000.0,0.0,0.0,0.0,0.0,0.0,0.0,239000.0,28000.0,3534000.0,3506000.0,392000.0,-603000.0,-211000.0,https://www.sedar.com/ModifyCompanyDocumentSearchForm.do?lang=EN&company_search=Excellon Resources Inc&document_selection=0&industry_group=A&FromDate=13&FromMonth=05&FromYear=2000&ToDate=13&ToMonth=11&ToYear=2020&Variable=Issuer,https://www.sedar.com/ModifyCompanyDocumentSearchForm.do?lang=EN&company_search=Excellon Resources Inc&document_selection=0&industry_group=A&FromDate=13&FromMonth=05&FromYear=2000&ToDate=13&ToMonth=11&ToYear=2020&Variable=Issuer
2015-12-31,EXN.TO,USD,,2015-12-31,2015-12-31,2015,Q4,-1677000.0,0.0,-923000.0,190000.0,278000.0,363000.0,25000.0,-441000.0,0.0,918000.0,-1214000.0,-832000.0,0.0,0.0,0.0,0.0,-832000.0,0.0,0.0,-6000.0,0.0,4489000.0,4483000.0,-286000.0,2151000.0,3506000.0,1355000.0,-1214000.0,-832000.0,-2046000.0,https://www.sedar.com/ModifyCompanyDocumentSearchForm.do?lang=EN&company_search=Excellon Resources Inc&document_selection=0&industry_group=A&FromDate=13&FromMonth=05&FromYear=2000&ToDate=13&ToMonth=11&ToYear=2020&Variable=Issuer,https://www.sedar.com/ModifyCompanyDocumentSearchForm.do?lang=EN&company_search=Excellon Resources Inc&document_selection=0&industry_group=A&FromDate=13&FromMonth=05&FromYear=2000&ToDate=13&ToMonth=11&ToYear=2020&Variable=Issuer
2015-09-30,EXN.TO,USD,,2015-09-30,2015-09-30,2015,Q3,-1305000.0,0.0,728000.0,118000.0,1106000.0,79000.0,337000.0,-61000.0,0.0,841000.0,1488000.0,-134000.0,0.0,0.0,0.0,0.0,-134000.0,0.0,0.0,0.0,0.0,0.0,0.0,-1332000.0,22000.0,1355000.0,1333000.0,1488000.0,-134000.0,1354000.0,https://www.sedar.com/ModifyCompanyDocumentSearchForm.do?lang=EN&company_search=Excellon Resources Inc&document_selection=0&industry_group=A&FromDate=13&FromMonth=05&FromYear=2000&ToDate=13&ToMonth=11&ToYear=2020&Variable=Issuer,https://www.sedar.com/ModifyCompanyDocumentSearchForm.do?lang=EN&company_search=Excellon Resources Inc&document_selection=0&industry_group=A&FromDate=13&FromMonth=05&FromYear=2000&ToDate=13&ToMonth=11&ToYear=2020&Variable=Issuer
2015-06-30,EXN.TO,USD,,2015-06-30,2015-06-30,2015,Q2,-1821000.0,0.0,-555000.0,264000.0,1176000.0,205000.0,203000.0,894000.0,0.0,925000.0,-11000.0,-267000.0,0.0,0.0,0.0,1000.0,-266000.0,0.0,0.0,0.0,0.0,0.0,0.0,337000.0,60000.0,1333000.0,1273000.0,-11000.0,-267000.0,-278000.0,https://www.sedar.com/ModifyCompanyDocumentSearchForm.do?lang=EN&company_search=Excellon Resources Inc&document_selection=0&industry_group=A&FromDate=13&FromMonth=05&FromYear=2000&ToDate=13&ToMonth=11&ToYear=2020&Variable=Issuer,https://www.sedar.com/ModifyCompanyDocumentSearchForm.do?lang=EN&company_search=Excellon Resources Inc&document_selection=0&industry_group=A&FromDate=13&FromMonth=05&FromYear=2000&ToDate=13&ToMonth=11&ToYear=2020&Variable=Issuer
2015-03-31,EXN.TO,USD,,2015-03-31,2015-03-31,2015,Q1,-237000.0,0.0,-417000.0,128000.0,-1150000.0,-79000.0,395000.0,-1147000.0,0.0,956000.0,-720000.0,-403000.0,0.0,0.0,0.0,0.0,-403000.0,0.0,0.0,0.0,0.0,0.0,0.0,-1071000.0,-2194000.0,1273000.0,3467000.0,-720000.0,-403000.0,-1123000.0,https://www.sedar.com/ModifyCompanyDocumentSearchForm.do?lang=EN&company_search=Excellon Resources Inc&document_selection=0&industry_group=A&FromDate=13&FromMonth=05&FromYear=2000&ToDate=13&ToMonth=11&ToYear=2020&Variable=Issuer,https://www.sedar.com/ModifyCompanyDocumentSearchForm.do?lang=EN&company_search=Excellon Resources Inc&document_selection=0&industry_group=A&FromDate=13&FromMonth=05&FromYear=2000&ToDate=13&ToMonth=11&ToYear=2020&Variable=Issuer
2014-12-31,EXN.TO,USD,,2014-12-31,2014-12-31,2014,Q4,-2586000.0,0.0,-829000.0,55000.0,40000.0,-1005000.0,30000.0,1339000.0,0.0,1832000.0,-1488000.0,-1380000.0,0.0,0.0,0.0,2291000.0,911000.0,0.0,0.0,-5000.0,0.0,0.0,-5000.0,-970000.0,-1552000.0,3467000.0,5019000.0,-1488000.0,-1380000.0,-2868000.0,https://www.sedar.com/ModifyCompanyDocumentSearchForm.do?lang=EN&company_search=Excellon Resources Inc&document_selection=0&industry_group=A&FromDate=13&FromMonth=05&FromYear=2000&ToDate=13&ToMonth=11&ToYear=2020&Variable=Issuer,https://www.sedar.com/ModifyCompanyDocumentSearchForm.do?lang=EN&company_search=Excellon Resources Inc&document_selection=0&industry_group=A&FromDate=13&FromMonth=05&FromYear=2000&ToDate=13&ToMonth=11&ToYear=2020&Variable=Issuer
2014-09-30,EXN.TO,USD,,2014-09-30,2014-09-30,2014,Q3,-17870000.0,0.0,18000.0,126000.0,1828000.0,1233000.0,401000.0,240000.0,0.0,16649000.0,751000.0,-1048000.0,0.0,0.0,0.0,0.0,-1048000.0,0.0,0.0,-47000.0,0.0,0.0,-47000.0,-572000.0,-916000.0,5019000.0,5935000.0,751000.0,-1048000.0,-297000.0,https://www.sedar.com/ModifyCompanyDocumentSearchForm.do?lang=EN&company_search=Excellon Resources Inc&document_selection=0&industry_group=A&FromDate=13&FromMonth=05&FromYear=2000&ToDate=13&ToMonth=11&ToYear=2020&Variable=Issuer,https://www.sedar.com/ModifyCompanyDocumentSearchForm.do?lang=EN&company_search=Excellon Resources Inc&document_selection=0&industry_group=A&FromDate=13&FromMonth=05&FromYear=2000&ToDate=13&ToMonth=11&ToYear=2020&Variable=Issuer
2014-06-30,EXN.TO,USD,,2014-06-30,2014-06-30,2014,Q2,-711000.0,0.0,333000.0,200000.0,333000.0,275000.0,-624000.0,503000.0,0.0,1798000.0,1953000.0,-381000.0,0.0,0.0,0.0,0.0,-381000.0,0.0,0.0,-38000.0,0.0,0.0,-38000.0,405000.0,1939000.0,5935000.0,3996000.0,1953000.0,-381000.0,1572000.0,https://www.sedar.com/ModifyCompanyDocumentSearchForm.do?lang=EN&company_search=Excellon Resources Inc&document_selection=0&industry_group=A&FromDate=13&FromMonth=05&FromYear=2000&ToDate=13&ToMonth=11&ToYear=2020&Variable=Issuer,https://www.sedar.com/ModifyCompanyDocumentSearchForm.do?lang=EN&company_search=Excellon Resources Inc&document_selection=0&industry_group=A&FromDate=13&FromMonth=05&FromYear=2000&ToDate=13&ToMonth=11&ToYear=2020&Variable=Issuer
2014-03-31,EXN.TO,USD,,2014-03-31,2014-03-31,2014,Q1,1875000.0,0.0,-8000.0,269000.0,189000.0,-432000.0,745000.0,-184000.0,0.0,2000.0,2327000.0,-531000.0,0.0,0.0,0.0,0.0,-531000.0,0.0,3000.0,-9000.0,0.0,0.0,-6000.0,-385000.0,1405000.0,3996000.0,2591000.0,2327000.0,-531000.0,1796000.0,https://www.sedar.com/ModifyCompanyDocumentSearchForm.do?lang=EN&company_search=Excellon Resources Inc&document_selection=0&industry_group=A&FromDate=13&FromMonth=05&FromYear=2000&ToDate=13&ToMonth=11&ToYear=2020&Variable=Issuer,https://www.sedar.com/ModifyCompanyDocumentSearchForm.do?lang=EN&company_search=Excellon Resources Inc&document_selection=0&industry_group=A&FromDate=13&FromMonth=05&FromYear=2000&ToDate=13&ToMonth=11&ToYear=2020&Variable=Issuer
2013-12-31,EXN.TO,USD,,2013-12-31,2013-12-31,2013,Q4,-2407000.0,0.0,1104000.0,531000.0,761000.0,2074000.0,-420000.0,-1278000.0,0.0,1561000.0,1550000.0,-591000.0,0.0,0.0,0.0,0.0,-591000.0,0.0,45000.0,-177000.0,0.0,0.0,-132000.0,-1048000.0,-221000.0,2591000.0,2812000.0,1550000.0,-591000.0,959000.0,https://www.sedar.com/ModifyCompanyDocumentSearchForm.do?lang=EN&company_search=Excellon Resources Inc&document_selection=0&industry_group=A&FromDate=13&FromMonth=05&FromYear=2000&ToDate=13&ToMonth=11&ToYear=2020&Variable=Issuer,https://www.sedar.com/ModifyCompanyDocumentSearchForm.do?lang=EN&company_search=Excellon Resources Inc&document_selection=0&industry_group=A&FromDate=13&FromMonth=05&FromYear=2000&ToDate=13&ToMonth=11&ToYear=2020&Variable=Issuer
2013-09-30,EXN.TO,USD,,2013-09-30,2013-09-30,2013,Q3,3002000.0,0.0,842000.0,210000.0,-2328000.0,-2222000.0,-907000.0,233000.0,0.0,712000.0,2438000.0,-764000.0,0.0,0.0,0.0,0.0,-764000.0,0.0,0.0,-14000.0,0.0,0.0,-14000.0,643000.0,2303000.0,2812000.0,509000.0,2438000.0,-764000.0,1674000.0,https://www.sedar.com/ModifyCompanyDocumentSearchForm.do?lang=EN&company_search=Excellon Resources Inc&document_selection=0&industry_group=A&FromDate=13&FromMonth=05&FromYear=2000&ToDate=13&ToMonth=11&ToYear=2020&Variable=Issuer,https://www.sedar.com/ModifyCompanyDocumentSearchForm.do?lang=EN&company_search=Excellon Resources Inc&document_selection=0&industry_group=A&FromDate=13&FromMonth=05&FromYear=2000&ToDate=13&ToMonth=11&ToYear=2020&Variable=Issuer
2013-06-30,EXN.TO,USD,,2013-06-30,2013-06-30,2013,Q2,-5035000.0,0.0,-1189000.0,271000.0,3523000.0,3542000.0,295000.0,-701000.0,0.0,2673000.0,243000.0,-1650000.0,0.0,0.0,0.0,0.0,-1650000.0,0.0,46000.0,-111000.0,0.0,0.0,-65000.0,-410000.0,-1882000.0,509000.0,2391000.0,243000.0,-1650000.0,-1407000.0,https://www.sedar.com/ModifyCompanyDocumentSearchForm.do?lang=EN&company_search=Excellon Resources Inc&document_selection=0&industry_group=A&FromDate=13&FromMonth=05&FromYear=2000&ToDate=13&ToMonth=11&ToYear=2020&Variable=Issuer,https://www.sedar.com/ModifyCompanyDocumentSearchForm.do?lang=EN&company_search=Excellon Resources Inc&document_selection=0&industry_group=A&FromDate=13&FromMonth=05&FromYear=2000&ToDate=13&ToMonth=11&ToYear=2020&Variable=Issuer
2013-03-31,EXN.TO,USD,,2013-03-31,2013-03-31,2013,Q1,-601000.0,0.0,54000.0,605000.0,2754000.0,224000.0,138000.0,3012000.0,0.0,-634000.0,2178000.0,-1138000.0,0.0,0.0,0.0,0.0,-1138000.0,0.0,0.0,-93000.0,0.0,0.0,-93000.0,75000.0,1022000.0,2391000.0,1369000.0,2178000.0,-1138000.0,1040000.0,https://www.sedar.com/ModifyCompanyDocumentSearchForm.do?lang=EN&company_search=Excellon Resources Inc&document_selection=0&industry_group=A&FromDate=13&FromMonth=05&FromYear=2000&ToDate=13&ToMonth=11&ToYear=2020&Variable=Issuer,https://www.sedar.com/ModifyCompanyDocumentSearchForm.do?lang=EN&company_search=Excellon Resources Inc&document_selection=0&industry_group=A&FromDate=13&FromMonth=05&FromYear=2000&ToDate=13&ToMonth=11&ToYear=2020&Variable=Issuer
2012-12-31,EXN.TO,USD,,2012-12-31,2012-12-31,2012,Q4,6660000.0,0.0,-8390000.0,275000.0,-5196000.0,-4350000.0,-321000.0,789000.0,0.0,1579000.0,-5072000.0,495000.0,0.0,0.0,0.0,390000.0,885000.0,0.0,0.0,0.0,0.0,0.0,0.0,-317000.0,-4504000.0,1369000.0,5873000.0,-5072000.0,0.0,-1787000.0,https://www.sedar.com/ModifyCompanyDocumentSearchForm.do?lang=EN&company_search=Excellon Resources Inc&document_selection=0&industry_group=A&FromDate=13&FromMonth=05&FromYear=2000&ToDate=13&ToMonth=11&ToYear=2020&Variable=Issuer,https://www.sedar.com/ModifyCompanyDocumentSearchForm.do?lang=EN&company_search=Excellon Resources Inc&document_selection=0&industry_group=A&FromDate=13&FromMonth=05&FromYear=2000&ToDate=13&ToMonth=11&ToYear=2020&Variable=Issuer
2012-09-30,EXN.TO,USD,,2012-09-30,2012-09-30,2012,Q3,-4350000.0,0.0,0.0,179000.0,962000.0,3499000.0,661000.0,-1876000.0,0.0,-252000.0,-3461000.0,-359000.0,0.0,0.0,0.0,0.0,-359000.0,0.0,0.0,-406000.0,0.0,0.0,-406000.0,176000.0,-4050000.0,5873000.0,9923000.0,-3461000.0,-359000.0,-3820000.0,https://www.sedar.com/ModifyCompanyDocumentSearchForm.do?lang=EN&company_search=Excellon Resources Inc&document_selection=0&industry_group=A&FromDate=13&FromMonth=05&FromYear=2000&ToDate=13&ToMonth=11&ToYear=2020&Variable=Issuer,https://www.sedar.com/ModifyCompanyDocumentSearchForm.do?lang=EN&company_search=Excellon Resources Inc&document_selection=0&industry_group=A&FromDate=13&FromMonth=05&FromYear=2000&ToDate=13&ToMonth=11&ToYear=2020&Variable=Issuer
2012-06-30,EXN.TO,USD,,2012-06-30,2012-06-30,2012,Q2,478000.0,0.0,0.0,410000.0,-2985000.0,-1628000.0,0.0,-908000.0,0.0,2720000.0,623000.0,-1353000.0,0.0,0.0,0.0,-2400000.0,-3753000.0,0.0,42000.0,-1575000.0,0.0,0.0,-1533000.0,-747000.0,-5410000.0,9923000.0,15333000.0,623000.0,-1353000.0,-730000.0,https://www.sedar.com/ModifyCompanyDocumentSearchForm.do?lang=EN&company_search=Excellon Resources Inc&document_selection=0&industry_group=A&FromDate=13&FromMonth=05&FromYear=2000&ToDate=13&ToMonth=11&ToYear=2020&Variable=Issuer,https://www.sedar.com/ModifyCompanyDocumentSearchForm.do?lang=EN&company_search=Excellon Resources Inc&document_selection=0&industry_group=A&FromDate=13&FromMonth=05&FromYear=2000&ToDate=13&ToMonth=11&ToYear=2020&Variable=Issuer
2012-03-31,EXN.TO,USD,,2012-03-31,2012-03-31,2012,Q1,5620000.0,0.0,0.0,265000.0,-6006000.0,-2440000.0,-903000.0,0.0,0.0,-1563000.0,-1684000.0,-596000.0,0.0,-5000000.0,0.0,0.0,-5596000.0,0.0,0.0,-906000.0,0.0,0.0,-906000.0,1257000.0,-6929000.0,15333000.0,22262000.0,-1684000.0,-596000.0,-2280000.0,https://www.sedar.com/ModifyCompanyDocumentSearchForm.do?lang=EN&company_search=Excellon Resources Inc&document_selection=0&industry_group=A&FromDate=13&FromMonth=05&FromYear=2000&ToDate=13&ToMonth=11&ToYear=2020&Variable=Issuer,https://www.sedar.com/ModifyCompanyDocumentSearchForm.do?lang=EN&company_search=Excellon Resources Inc&document_selection=0&industry_group=A&FromDate=13&FromMonth=05&FromYear=2000&ToDate=13&ToMonth=11&ToYear=2020&Variable=Issuer
2011-12-31,EXN.TO,USD,,2011-12-31,2011-12-31,2011,Q4,-3101000.0,0.0,0.0,674000.0,6725000.0,4174000.0,384000.0,0.0,0.0,5233000.0,9531000.0,-2183000.0,-608000.0,48000.0,0.0,0.0,-2743000.0,0.0,21000.0,0.0,0.0,-450000.0,-429000.0,815000.0,7174000.0,22262000.0,15088000.0,9531000.0,-2183000.0,7348000.0,https://www.sedar.com/ModifyCompanyDocumentSearchForm.do?lang=EN&company_search=Excellon Resources Inc&document_selection=0&industry_group=A&FromDate=13&FromMonth=05&FromYear=2000&ToDate=13&ToMonth=11&ToYear=2020&Variable=Issuer,https://www.sedar.com/ModifyCompanyDocumentSearchForm.do?lang=EN&company_search=Excellon Resources Inc&document_selection=0&industry_group=A&FromDate=13&FromMonth=05&FromYear=2000&ToDate=13&ToMonth=11&ToYear=2020&Variable=Issuer
2011-09-30,EXN.TO,USD,,2011-09-30,2011-09-30,2011,Q3,-976000.0,0.0,0.0,1328000.0,221000.0,-1373000.0,-175000.0,0.0,0.0,804000.0,1377000.0,-651000.0,0.0,0.0,0.0,1398000.0,747000.0,0.0,123000.0,0.0,0.0,0.0,123000.0,538000.0,2785000.0,15088000.0,12303000.0,1377000.0,-599000.0,778000.0,https://www.sedar.com/ModifyCompanyDocumentSearchForm.do?lang=EN&company_search=Excellon Resources Inc&document_selection=0&industry_group=A&FromDate=13&FromMonth=05&FromYear=2000&ToDate=13&ToMonth=11&ToYear=2020&Variable=Issuer,https://www.sedar.com/ModifyCompanyDocumentSearchForm.do?lang=EN&company_search=Excellon Resources Inc&document_selection=0&industry_group=A&FromDate=13&FromMonth=05&FromYear=2000&ToDate=13&ToMonth=11&ToYear=2020&Variable=Issuer
2011-06-30,EXN.TO,USD,,2011-06-30,2011-06-30,2011,Q2,8055000.0,0.0,0.0,297000.0,489000.0,-1323000.0,-216000.0,0.0,0.0,743000.0,9584000.0,-923000.0,0.0,0.0,0.0,-1000.0,-924000.0,0.0,0.0,0.0,0.0,0.0,0.0,-1278000.0,7382000.0,12303000.0,4921000.0,9584000.0,-924000.0,8660000.0,https://www.sedar.com/ModifyCompanyDocumentSearchForm.do?lang=EN&company_search=Excellon Resources Inc&document_selection=0&industry_group=A&FromDate=13&FromMonth=05&FromYear=2000&ToDate=13&ToMonth=11&ToYear=2020&Variable=Issuer,https://www.sedar.com/ModifyCompanyDocumentSearchForm.do?lang=EN&company_search=Excellon Resources Inc&document_selection=0&industry_group=A&FromDate=13&FromMonth=05&FromYear=2000&ToDate=13&ToMonth=11&ToYear=2020&Variable=Issuer
2011-03-31,EXN.TO,USD,,2011-03-31,2011-03-31,2011,Q1,455000.0,0.0,0.0,336000.0,169000.0,-71000.0,-69000.0,0.0,0.0,1085000.0,2045000.0,-388000.0,0.0,0.0,0.0,-51000.0,-439000.0,0.0,1566000.0,0.0,0.0,0.0,1566000.0,-229000.0,2943000.0,4921000.0,1978000.0,2045000.0,-439000.0,1606000.0,https://www.sedar.com/ModifyCompanyDocumentSearchForm.do?lang=EN&company_search=Excellon Resources Inc&document_selection=0&industry_group=A&FromDate=13&FromMonth=05&FromYear=2000&ToDate=13&ToMonth=11&ToYear=2020&Variable=Issuer,https://www.sedar.com/ModifyCompanyDocumentSearchForm.do?lang=EN&company_search=Excellon Resources Inc&document_selection=0&industry_group=A&FromDate=13&FromMonth=05&FromYear=2000&ToDate=13&ToMonth=11&ToYear=2020&Variable=Issuer
2010-12-31,EXN.TO,USD,,2010-12-31,2010-12-31,2010,Q4,-2754339.953286,597446.986431,-113459.880985,764770.368288,-2132475.651095,0.0,0.0,0.0,0.0,1756371.523165,-1881686.607482,-1191686.069781,0.0,0.0,0.0,-9169.12444299995,-1200855.194224,0.0,1239109.987401,0.0,0.0,0.0,1239109.987401,896482.936809,-802319.2707890002,1977798.0,2780117.270789,-1881686.607482,-1191686.069781,-3073372.677263,https://www.sedar.com/ModifyCompanyDocumentSearchForm.do?lang=EN&company_search=Excellon Resources Inc&document_selection=0&industry_group=A&FromDate=13&FromMonth=05&FromYear=2000&ToDate=13&ToMonth=11&ToYear=2020&Variable=Issuer,https://www.sedar.com/ModifyCompanyDocumentSearchForm.do?lang=EN&company_search=Excellon Resources Inc&document_selection=0&industry_group=A&FromDate=13&FromMonth=05&FromYear=2000&ToDate=13&ToMonth=11&ToYear=2020&Variable=Issuer
2010-09-30,EXN.TO,USD,,2010-09-30,2010-09-30,2010,Q3,-2066883.116883,497110.730768,-54096.828436,139655.081859,-997789.628859,0.0,0.0,0.0,0.0,599309.1725620001,-1882694.588989,-1443335.253243,0.0,0.0,0.0,10562.124441999942,-1432773.128801,0.0,149759.102344,0.0,0.0,0.0,149759.102344,697002.295047,-1898149.4970699996,2780117.270789,4678266.767859,-1882694.588989,-1443335.253243,-3326029.842232,https://www.sedar.com/ModifyCompanyDocumentSearchForm.do?lang=EN&company_search=Excellon Resources Inc&document_selection=0&industry_group=A&FromDate=13&FromMonth=05&FromYear=2000&ToDate=13&ToMonth=11&ToYear=2020&Variable=Issuer,https://www.sedar.com/ModifyCompanyDocumentSearchForm.do?lang=EN&company_search=Excellon Resources Inc&document_selection=0&industry_group=A&FromDate=13&FromMonth=05&FromYear=2000&ToDate=13&ToMonth=11&ToYear=2020&Variable=Issuer
2010-06-30,EXN.TO,USD,,2010-06-30,2010-06-30,2010,Q2,440372.829902,564523.026179,-454801.983536,57403.152953,-249080.565052,-1346364.980622,-591576.279396,0.0,-109114.2494,-19813.773687000095,338602.686759,-1260873.207484,0.0,0.0,0.0,0.0,-1260873.207484,0.0,154683.347964,0.0,0.0,0.0,154683.347964,-1942009.816318,-3335476.610599,4678266.767859,8013743.378458,338602.686759,-1260873.207484,-922270.520724,https://www.sedar.com/ModifyCompanyDocumentSearchForm.do?lang=EN&company_search=Excellon Resources Inc&document_selection=0&industry_group=A&FromDate=13&FromMonth=05&FromYear=2000&ToDate=13&ToMonth=11&ToYear=2020&Variable=Issuer,https://www.sedar.com/ModifyCompanyDocumentSearchForm.do?lang=EN&company_search=Excellon Resources Inc&document_selection=0&industry_group=A&FromDate=13&FromMonth=05&FromYear=2000&ToDate=13&ToMonth=11&ToYear=2020&Variable=Issuer
2010-03-31,EXN.TO,USD,,2010-03-31,2010-03-31,2010,Q1,538646.262507,236636.256622,-187355.307043,237041.3969,2412069.845007,2007675.103002,-539551.697077,0.0,109116.146753,71028.05571899982,3308066.509712,-411831.469492,0.0,0.0,0.0,0.0,-411831.469492,0.0,205022.562292,0.0,0.0,0.0,205022.562292,309093.584461,3410351.186973,8013743.378458,4603392.191485,3308066.509712,-411831.469492,2896235.04022,https://www.sedar.com/ModifyCompanyDocumentSearchForm.do?lang=EN&company_search=Excellon Resources Inc&document_selection=0&industry_group=A&FromDate=13&FromMonth=05&FromYear=2000&ToDate=13&ToMonth=11&ToYear=2020&Variable=Issuer,https://www.sedar.com/ModifyCompanyDocumentSearchForm.do?lang=EN&company_search=Excellon Resources Inc&document_selection=0&industry_group=A&FromDate=13&FromMonth=05&FromYear=2000&ToDate=13&ToMonth=11&ToYear=2020&Variable=Issuer
2009-10-31,EXN.TO,USD,,2009-10-31,2009-10-31,2009,Q3,895079.130032,211004.164739,123300.323924,182594.169366,327204.072189,569995.372513,339809.347524,0.0,-6643.220731,8397.963905000128,1747579.824155,-846447.940768,0.0,0.0,0.0,0.0,-846447.940768,0.0,252660.805183,0.0,0.0,0.0,252660.805183,-12216.566404,1141576.1221660003,7808906.987506,6667330.86534,1747579.824155,-846447.940768,901131.883387,,
2009-07-31,EXN.TO,USD,,2009-07-31,2009-07-31,2009,Q2,615627.261117,803402.120392,-223022.611781,210461.218477,2125241.754265,1779229.334908,-22075.395353,0.0,185193.788175,122651.06126100011,3654360.803731,-1460029.884709,0.0,0.0,0.0,-1118099.4844640002,-2578129.369173,0.0,6485334.2728,0.0,0.0,-1866656.3169590002,4618677.955841,-197999.253279,5765938.312725,6691794.157262,925855.844537,3654360.803731,-1460029.884709,2194330.919022,,
2009-04-30,EXN.TO,USD,,2009-04-30,2009-04-30,2009,Q1,520407.086317,513052.609843,-433088.172736,45521.465733,-6215311.571541,-2620811.670827,-541079.970079,0.0,-349419.976481,-181733.02714599948,-5751151.60953,-130007.40108,0.0,0.0,0.0,0.0,-130007.40108,0.0,5846757.130293,0.0,0.0,41751.00926200021,5888508.139555,351902.634694,438133.97143700003,925855.844537,487721.8731,-5751151.60953,-130007.40108,-5881159.01061,,
2009-01-31,EXN.TO,USD,,2009-01-31,2009-01-31,2009,Q4,-695217.514697,659510.064875,146701.562931,0.0,-185963.399639,0.0,-44241.428622,0.0,235628.58119,282855.784517,207886.497987,-459456.619392,0.0,0.0,0.0,0.0,-459456.619392,0.0,0.0,0.0,0.0,217500.847543,217500.847543,-141181.898452,-243323.07727900002,487721.8731,731044.950379,207886.497987,-459456.619392,-251570.121405,,
2008-10-31,EXN.TO,USD,,2008-10-31,2008-10-31,2009,Q3,-4948459.678092,141704.611792,-158029.35535,0.0,3486833.458427,0.0,-2847.96931,0.0,-75020.431991,490893.16987800004,-987057.793345,-1843546.826787,0.0,0.0,0.0,0.0,-1843546.826787,0.0,0.0,0.0,0.0,1047586.523226,1047586.523226,55800.183471,-1727217.9134359998,731044.950379,2458262.863815,-987057.793345,-1843546.826787,-2830604.620132,,
2008-07-31,EXN.TO,USD,,2008-07-31,2008-07-31,2008,Q2,-4677223.687702,400316.928708,484427.890284,0.0,-3761382.99836,0.0,0.0,0.0,1519962.367494,980575.8400850007,-6573286.026985,-962229.582021,0.0,0.0,0.0,0.0,-962229.582021,0.0,9862454.650391,0.0,0.0,-1553526.4242589995,8308928.226132,-180519.840356,324533.7080450002,2875807.804878,2551274.096833,-6573286.026985,-962229.582021,-7535515.609007,https://www.sedar.com/ModifyCompanyDocumentSearchForm.do?lang=EN&company_search=Excellon Resources Inc&document_selection=0&industry_group=A&FromDate=13&FromMonth=05&FromYear=2000&ToDate=13&ToMonth=11&ToYear=2020&Variable=Issuer,https://www.sedar.com/ModifyCompanyDocumentSearchForm.do?lang=EN&company_search=Excellon Resources Inc&document_selection=0&industry_group=A&FromDate=13&FromMonth=05&FromYear=2000&ToDate=13&ToMonth=11&ToYear=2020&Variable=Issuer
2008-04-30,EXN.TO,USD,,2008-04-30,2008-04-30,2008,Q1,-1645666.286734,433378.231803,341302.610896,0.0,-51671.024433,0.0,0.0,0.0,-51671.024433,455280.51038800017,-467375.95808,-385635.675858,0.0,0.0,0.0,0.0,-385635.675858,0.0,75629.802514,0.0,0.0,1131168.6745709998,1206798.477085,49792.379373,365296.11207399983,2551274.096833,2185977.984759,-467375.95808,-385635.675858,-853011.633937,https://www.sedar.com/ModifyCompanyDocumentSearchForm.do?lang=EN&company_search=Excellon Resources Inc&document_selection=0&industry_group=A&FromDate=13&FromMonth=05&FromYear=2000&ToDate=13&ToMonth=11&ToYear=2020&Variable=Issuer,https://www.sedar.com/ModifyCompanyDocumentSearchForm.do?lang=EN&company_search=Excellon Resources Inc&document_selection=0&industry_group=A&FromDate=13&FromMonth=05&FromYear=2000&ToDate=13&ToMonth=11&ToYear=2020&Variable=Issuer
2008-01-31,EXN.TO,USD,,2008-01-31,2008-01-31,2008,Q4,-1588571.001644,1238068.451242,756406.220472,0.0,748531.429702,0.0,0.0,0.0,748531.429702,628240.8075259998,1782675.907298,380205.323636,0.0,0.0,0.0,0.0,380205.323636,0.0,496336.535045,0.0,0.0,-1152080.0855800002,-655743.550535,-236051.055642,847250.7980970002,2185977.984759,1338727.186662,1782675.907298,0.0,2162881.230934,https://www.sedar.com/ModifyCompanyDocumentSearchForm.do?lang=EN&company_search=Excellon Resources Inc&document_selection=0&industry_group=A&FromDate=13&FromMonth=05&FromYear=2000&ToDate=13&ToMonth=11&ToYear=2020&Variable=Issuer,https://www.sedar.com/ModifyCompanyDocumentSearchForm.do?lang=EN&company_search=Excellon Resources Inc&document_selection=0&industry_group=A&FromDate=13&FromMonth=05&FromYear=2000&ToDate=13&ToMonth=11&ToYear=2020&Variable=Issuer
2007-10-31,EXN.TO,USD,,2007-10-31,2007-10-31,2008,Q3,1093788.460527,1863702.729711,-219988.42897,0.0,-2017260.821543,0.0,0.0,0.0,-2017260.821543,27272.91852999979,747514.858255,-9607633.724294,0.0,0.0,0.0,0.0,-9607633.724294,0.0,423920.475464,0.0,0.0,1660387.103561,2084307.579025,117027.297113,-6658783.989901001,1338727.186662,7997511.176563,747514.858255,-9607633.724294,-8860118.866039,https://www.sedar.com/ModifyCompanyDocumentSearchForm.do?lang=EN&company_search=Excellon Resources Inc&document_selection=0&industry_group=A&FromDate=13&FromMonth=05&FromYear=2000&ToDate=13&ToMonth=11&ToYear=2020&Variable=Issuer,https://www.sedar.com/ModifyCompanyDocumentSearchForm.do?lang=EN&company_search=Excellon Resources Inc&document_selection=0&industry_group=A&FromDate=13&FromMonth=05&FromYear=2000&ToDate=13&ToMonth=11&ToYear=2020&Variable=Issuer
2007-07-31,EXN.TO,USD,,2007-07-31,2007-07-31,2007,Q2,-1703052.886278,204101.978236,1961322.310512,0.0,-2830679.000232,0.0,0.0,0.0,-2830679.000232,-380174.90454,-2748482.502302,-1156175.66745,0.0,0.0,0.0,0.0,-1156175.66745,0.0,227840.345982,0.0,0.0,0.0,227840.345982,117100.688728,-3173996.7371529993,7139481.641469,10313478.378622,-2748482.502302,-1156175.66745,-3904658.169752,https://www.sedar.com/ModifyCompanyDocumentSearchForm.do?lang=EN&company_search=Excellon Resources Inc&document_selection=0&industry_group=A&FromDate=13&FromMonth=05&FromYear=2000&ToDate=13&ToMonth=11&ToYear=2020&Variable=Issuer,https://www.sedar.com/ModifyCompanyDocumentSearchForm.do?lang=EN&company_search=Excellon Resources Inc&document_selection=0&industry_group=A&FromDate=13&FromMonth=05&FromYear=2000&ToDate=13&ToMonth=11&ToYear=2020&Variable=Issuer
2007-04-30,EXN.TO,USD,,2007-04-30,2007-04-30,2007,Q1,3527000.993049,776074.852263,-972002.913696,0.0,-5446912.961194,0.0,0.0,0.0,-5446912.961194,284409.0657149998,-1831430.963863,-776397.479275,0.0,0.0,0.0,0.0,-776397.479275,0.0,186217.226356,0.0,0.0,0.0,186217.226356,446469.93901,-1390173.7068310007,10313478.378622,11703652.085453,-1831430.963863,-776397.479275,-2607828.443137,https://www.sedar.com/ModifyCompanyDocumentSearchForm.do?lang=EN&company_search=Excellon Resources Inc&document_selection=0&industry_group=A&FromDate=13&FromMonth=05&FromYear=2000&ToDate=13&ToMonth=11&ToYear=2020&Variable=Issuer,https://www.sedar.com/ModifyCompanyDocumentSearchForm.do?lang=EN&company_search=Excellon Resources Inc&document_selection=0&industry_group=A&FromDate=13&FromMonth=05&FromYear=2000&ToDate=13&ToMonth=11&ToYear=2020&Variable=Issuer
2007-01-31,EXN.TO,USD,,2007-01-31,2007-01-31,2007,Q4,183448.626653,265670.858244,0.0,0.0,472777.289682,0.0,0.0,0.0,472777.289682,569899.134666,1491795.909245,-571198.323369,0.0,0.0,0.0,0.0,-571198.323369,0.0,-1088.014971,0.0,0.0,0.0,-1088.014971,-184971.719771,271885.5970389992,11703652.085453,11431766.488414,1491795.909245,-571198.323369,920597.585876,https://www.sedar.com/ModifyCompanyDocumentSearchForm.do?lang=EN&company_search=Excellon Resources Inc&document_selection=0&industry_group=A&FromDate=13&FromMonth=05&FromYear=2000&ToDate=13&ToMonth=11&ToYear=2020&Variable=Issuer,https://www.sedar.com/ModifyCompanyDocumentSearchForm.do?lang=EN&company_search=Excellon Resources Inc&document_selection=0&industry_group=A&FromDate=13&FromMonth=05&FromYear=2000&ToDate=13&ToMonth=11&ToYear=2020&Variable=Issuer
2006-10-31,EXN.TO,USD,,2006-10-31,2006-10-31,2007,Q3,6798797.682709,646903.743316,0.0,0.0,-5951893.939394,0.0,0.0,0.0,-5951893.939394,510056.1497329995,2003863.636364,-32438.502674,0.0,0.0,0.0,0.0,-32438.502674,0.0,22281.639929,0.0,0.0,0.0,22281.639929,-36672.905526,1957033.8680930007,11431766.488414,9474732.620321,2003863.636364,-32438.502674,1971425.13369,https://www.sedar.com/ModifyCompanyDocumentSearchForm.do?lang=EN&company_search=Excellon Resources Inc&document_selection=0&industry_group=A&FromDate=13&FromMonth=05&FromYear=2000&ToDate=13&ToMonth=11&ToYear=2020&Variable=Issuer,https://www.sedar.com/ModifyCompanyDocumentSearchForm.do?lang=EN&company_search=Excellon Resources Inc&document_selection=0&industry_group=A&FromDate=13&FromMonth=05&FromYear=2000&ToDate=13&ToMonth=11&ToYear=2020&Variable=Issuer
2006-07-31,EXN.TO,USD,,2006-07-31,2006-07-31,2006,Q2,4385703.472876,450796.294017,0.0,0.0,-3150675.488647,0.0,0.0,0.0,-3150675.488647,-1723063.4432130004,-37239.164967,-196209.086482,0.0,0.0,0.0,0.0,-196209.086482,0.0,2841033.255466,0.0,0.0,1566978.3875319995,4408011.642998,0.0,4465105.7535190005,9397259.668508,4932153.914989,-37239.164967,-196209.086482,-233448.251449,https://www.sedar.com/ModifyCompanyDocumentSearchForm.do?lang=EN&company_search=Excellon Resources Inc&document_selection=0&industry_group=A&FromDate=13&FromMonth=05&FromYear=2000&ToDate=13&ToMonth=11&ToYear=2020&Variable=Issuer,https://www.sedar.com/ModifyCompanyDocumentSearchForm.do?lang=EN&company_search=Excellon Resources Inc&document_selection=0&industry_group=A&FromDate=13&FromMonth=05&FromYear=2000&ToDate=13&ToMonth=11&ToYear=2020&Variable=Issuer
2006-04-30,EXN.TO,USD,,2006-04-30,2006-04-30,2006,Q1,-4055552.572707,2767486.98109,0.0,0.0,-1736050.478078,0.0,0.0,0.0,-1736050.478078,5751314.980892001,2727198.911197,-271451.530435,0.0,0.0,0.0,0.0,-271451.530435,0.0,3137521.767071,0.0,0.0,-1146792.5312839998,1990729.235787,0.0,4448340.351962,4932153.914989,483813.563027,2727198.911197,-271451.530435,2455747.380762,https://www.sedar.com/ModifyCompanyDocumentSearchForm.do?lang=EN&company_search=Excellon Resources Inc&document_selection=0&industry_group=A&FromDate=13&FromMonth=05&FromYear=2000&ToDate=13&ToMonth=11&ToYear=2020&Variable=Issuer,https://www.sedar.com/ModifyCompanyDocumentSearchForm.do?lang=EN&company_search=Excellon Resources Inc&document_selection=0&industry_group=A&FromDate=13&FromMonth=05&FromYear=2000&ToDate=13&ToMonth=11&ToYear=2020&Variable=Issuer
2006-01-31,EXN.TO,USD,,2006-01-31,2006-01-31,2006,Q4,-4003134.974422,2435867.804905,0.0,0.0,-641394.318025,0.0,0.0,0.0,-641394.318025,3679723.2867779997,1471061.799236,-192029.449363,0.0,0.0,0.0,0.0,-192029.449363,0.0,33168.272562,0.0,0.0,-862174.806524,-829006.533962,0.0,452626.591792,483813.563027,31186.971235,1471061.799236,-192029.449363,1279032.349873,https://www.sedar.com/ModifyCompanyDocumentSearchForm.do?lang=EN&company_search=Excellon Resources Inc&document_selection=0&industry_group=A&FromDate=13&FromMonth=05&FromYear=2000&ToDate=13&ToMonth=11&ToYear=2020&Variable=Issuer,https://www.sedar.com/ModifyCompanyDocumentSearchForm.do?lang=EN&company_search=Excellon Resources Inc&document_selection=0&industry_group=A&FromDate=13&FromMonth=05&FromYear=2000&ToDate=13&ToMonth=11&ToYear=2020&Variable=Issuer
2005-10-31,EXN.TO,USD,,2005-10-31,2005-10-31,2006,Q3,-516239.424704,1095022.84264,0.0,0.0,-1897853.637902,0.0,0.0,0.0,-1897853.637902,681013.5363789999,-638056.683587,-4480.541455,0.0,0.0,0.0,0.0,-4480.541455,0.0,596373.94247,0.0,0.0,0.0,596373.94247,0.0,-46163.282572,31186.971235,77350.253807,-638056.683587,-4480.541455,-642537.225042,https://www.sedar.com/ModifyCompanyDocumentSearchForm.do?lang=EN&company_search=Excellon Resources Inc&document_selection=0&industry_group=A&FromDate=13&FromMonth=05&FromYear=2000&ToDate=13&ToMonth=11&ToYear=2020&Variable=Issuer,https://www.sedar.com/ModifyCompanyDocumentSearchForm.do?lang=EN&company_search=Excellon Resources Inc&document_selection=0&industry_group=A&FromDate=13&FromMonth=05&FromYear=2000&ToDate=13&ToMonth=11&ToYear=2020&Variable=Issuer
2005-07-31,EXN.TO,USD,,2005-07-31,2005-07-31,2005,Q2,-3316492.597712,988990.853903,0.0,0.0,54715.621394,0.0,0.0,0.0,54715.621394,-302373.0033370005,-2575159.125752,1528561.434304,0.0,0.0,0.0,462858.89470199984,1991420.329006,0.0,476178.965169,0.0,0.0,0.0,476178.965169,0.0,41538.96969800001,74744.931328,33205.96163,-2575159.125752,0.0,-1046597.691448,https://www.sedar.com/ModifyCompanyDocumentSearchForm.do?lang=EN&company_search=Excellon Resources Inc&document_selection=0&industry_group=A&FromDate=13&FromMonth=05&FromYear=2000&ToDate=13&ToMonth=11&ToYear=2020&Variable=Issuer,https://www.sedar.com/ModifyCompanyDocumentSearchForm.do?lang=EN&company_search=Excellon Resources Inc&document_selection=0&industry_group=A&FromDate=13&FromMonth=05&FromYear=2000&ToDate=13&ToMonth=11&ToYear=2020&Variable=Issuer
2005-04-30,EXN.TO,USD,,2005-04-30,2005-04-30,2005,Q1,-1311860.631045,111457.248251,0.0,0.0,366134.691062,0.0,0.0,0.0,366134.691062,670515.167652,-163753.52408,-829670.951328,0.0,0.0,0.0,0.0,-829670.951328,0.0,5714.271704,0.0,0.0,0.0,5714.271704,0.0,-1071006.109964,33205.96163,1104212.071594,-163753.52408,-829670.951328,-993424.475407,https://www.sedar.com/ModifyCompanyDocumentSearchForm.do?lang=EN&company_search=Excellon Resources Inc&document_selection=0&industry_group=A&FromDate=13&FromMonth=05&FromYear=2000&ToDate=13&ToMonth=11&ToYear=2020&Variable=Issuer,https://www.sedar.com/ModifyCompanyDocumentSearchForm.do?lang=EN&company_search=Excellon Resources Inc&document_selection=0&industry_group=A&FromDate=13&FromMonth=05&FromYear=2000&ToDate=13&ToMonth=11&ToYear=2020&Variable=Issuer
2005-01-31,EXN.TO,USD,,2005-01-31,2005-01-31,2005,Q4,-2295184.59069,115282.832679,0.0,0.0,-690853.578539,0.0,0.0,0.0,-690853.578539,1734821.5139119998,-1135933.822638,-1342418.412137,0.0,0.0,0.0,0.0,-1342418.412137,0.0,-2182.751137,0.0,0.0,0.0,-2182.751137,0.0,-2568169.2718120003,1104212.071594,3672381.343406,-1135933.822638,-1342418.412137,-2478352.234775,https://www.sedar.com/ModifyCompanyDocumentSearchForm.do?lang=EN&company_search=Excellon Resources Inc&document_selection=0&industry_group=A&FromDate=13&FromMonth=05&FromYear=2000&ToDate=13&ToMonth=11&ToYear=2020&Variable=Issuer,https://www.sedar.com/ModifyCompanyDocumentSearchForm.do?lang=EN&company_search=Excellon Resources Inc&document_selection=0&industry_group=A&FromDate=13&FromMonth=05&FromYear=2000&ToDate=13&ToMonth=11&ToYear=2020&Variable=Issuer
2004-10-31,EXN.TO,USD,,2004-10-31,2004-10-31,2005,Q3,-779682.213828,119244.539333,0.0,0.0,-203889.801281,0.0,0.0,0.0,-203889.801281,1772.8691080000717,-862554.606668,-533451.305633,0.0,0.0,0.0,0.0,-533451.305633,0.0,123172.9348,0.0,0.0,0.0,123172.9348,0.0,-1272832.9775010003,3672381.343406,4945214.320907,-862554.606668,-533451.305633,-1396005.912301,https://www.sedar.com/ModifyCompanyDocumentSearchForm.do?lang=EN&company_search=Excellon Resources Inc&document_selection=0&industry_group=A&FromDate=13&FromMonth=05&FromYear=2000&ToDate=13&ToMonth=11&ToYear=2020&Variable=Issuer,https://www.sedar.com/ModifyCompanyDocumentSearchForm.do?lang=EN&company_search=Excellon Resources Inc&document_selection=0&industry_group=A&FromDate=13&FromMonth=05&FromYear=2000&ToDate=13&ToMonth=11&ToYear=2020&Variable=Issuer
2004-07-31,EXN.TO,USD,,2004-07-31,2004-07-31,2004,Q2,-2841152.003078,0.0,0.0,0.0,566931.411957,0.0,0.0,0.0,566931.411957,1908976.7988120003,-365243.792309,-5575083.956116,0.0,0.0,0.0,1150045.1855530003,-4425038.770563,0.0,96233.846646,0.0,0.0,4051431.7961959997,4147665.642842,0.0,-642408.9346660003,4526329.951146,5168738.885812,-365243.792309,-5575083.956116,-5940327.748425,https://www.sedar.com/ModifyCompanyDocumentSearchForm.do?lang=EN&company_search=Excellon Resources Inc&document_selection=0&industry_group=A&FromDate=13&FromMonth=05&FromYear=2000&ToDate=13&ToMonth=11&ToYear=2020&Variable=Issuer,https://www.sedar.com/ModifyCompanyDocumentSearchForm.do?lang=EN&company_search=Excellon Resources Inc&document_selection=0&industry_group=A&FromDate=13&FromMonth=05&FromYear=2000&ToDate=13&ToMonth=11&ToYear=2020&Variable=Issuer
2004-04-30,EXN.TO,USD,,2004-04-30,2004-04-30,2004,Q1,-482485.496895,0.0,0.0,0.0,0.0,0.0,0.0,0.0,0.0,-139059.871347,-621545.368242,-377841.380791,0.0,0.0,0.0,40898.21067399997,-336943.170117,0.0,512294.806648,0.0,0.0,4867003.782144,5379298.588792,0.0,4420573.602793001,5168738.885812,748165.283019,-621545.368242,-377841.380791,-999386.749033,https://www.sedar.com/ModifyCompanyDocumentSearchForm.do?lang=EN&company_search=Excellon Resources Inc&document_selection=0&industry_group=A&FromDate=13&FromMonth=05&FromYear=2000&ToDate=13&ToMonth=11&ToYear=2020&Variable=Issuer,https://www.sedar.com/ModifyCompanyDocumentSearchForm.do?lang=EN&company_search=Excellon Resources Inc&document_selection=0&industry_group=A&FromDate=13&FromMonth=05&FromYear=2000&ToDate=13&ToMonth=11&ToYear=2020&Variable=Issuer
2004-01-31,EXN.TO,USD,,2004-01-31,2004-01-31,2004,Q4,-463744.150943,0.0,0.0,0.0,0.0,0.0,0.0,0.0,0.0,156714.70000899996,-307029.450934,-198265.595671,0.0,0.0,0.0,-593157.2506210001,-791422.846292,0.0,1471203.29682,0.0,0.0,185181.39799099998,1656384.694811,0.0,557905.636236,748165.283019,190259.646783,-307029.450934,-198265.595671,-505295.046605,https://www.sedar.com/ModifyCompanyDocumentSearchForm.do?lang=EN&company_search=Excellon Resources Inc&document_selection=0&industry_group=A&FromDate=13&FromMonth=05&FromYear=2000&ToDate=13&ToMonth=11&ToYear=2020&Variable=Issuer,https://www.sedar.com/ModifyCompanyDocumentSearchForm.do?lang=EN&company_search=Excellon Resources Inc&document_selection=0&industry_group=A&FromDate=13&FromMonth=05&FromYear=2000&ToDate=13&ToMonth=11&ToYear=2020&Variable=Issuer
2003-10-31,EXN.TO,USD,,2003-10-31,2003-10-31,2004,Q3,-288458.711843,0.0,0.0,0.0,-589032.253176,0.0,0.0,0.0,-589032.253176,89970.98199,-787519.983029,-260250.630744,0.0,0.0,0.0,-597786.1456050001,-858036.776349,0.0,1092910.665444,0.0,0.0,735993.6963490001,1828904.361793,0.0,183347.602415,190259.646783,6912.044368,-787519.983029,-260250.630744,-1047770.613773,https://www.sedar.com/ModifyCompanyDocumentSearchForm.do?lang=EN&company_search=Excellon Resources Inc&document_selection=0&industry_group=A&FromDate=13&FromMonth=05&FromYear=2000&ToDate=13&ToMonth=11&ToYear=2020&Variable=Issuer,https://www.sedar.com/ModifyCompanyDocumentSearchForm.do?lang=EN&company_search=Excellon Resources Inc&document_selection=0&industry_group=A&FromDate=13&FromMonth=05&FromYear=2000&ToDate=13&ToMonth=11&ToYear=2020&Variable=Issuer
2003-07-31,EXN.TO,USD,,2003-07-31,2003-07-31,2003,Q2,-535222.8556,0.0,0.0,0.0,157000.206846,0.0,0.0,0.0,157000.206846,41739.00221800001,-336483.646536,0.0,0.0,0.0,0.0,-131087.190791,-131087.190791,0.0,2869.898582,0.0,0.0,683776.310527,686646.209109,0.0,-88280.873162,6496.475112,94777.348274,-336483.646536,0.0,-336483.646536,https://www.sedar.com/ModifyCompanyDocumentSearchForm.do?lang=EN&company_search=Excellon Resources Inc&document_selection=0&industry_group=A&FromDate=13&FromMonth=05&FromYear=2000&ToDate=13&ToMonth=11&ToYear=2020&Variable=Issuer,https://www.sedar.com/ModifyCompanyDocumentSearchForm.do?lang=EN&company_search=Excellon Resources Inc&document_selection=0&industry_group=A&FromDate=13&FromMonth=05&FromYear=2000&ToDate=13&ToMonth=11&ToYear=2020&Variable=Issuer
2003-04-30,EXN.TO,USD,,2003-04-30,2003-04-30,2003,Q1,-281693.157873,0.0,0.0,0.0,77015.964512,0.0,0.0,0.0,77015.964512,-33756.981229,-238434.17459,0.0,0.0,0.0,0.0,25850.903197,25850.903197,0.0,0.0,0.0,0.0,260957.497357,260957.497357,0.0,66379.795682,94777.348274,28397.552592,-238434.17459,0.0,-238434.17459,https://www.sedar.com/ModifyCompanyDocumentSearchForm.do?lang=EN&company_search=Excellon Resources Inc&document_selection=0&industry_group=A&FromDate=13&FromMonth=05&FromYear=2000&ToDate=13&ToMonth=11&ToYear=2020&Variable=Issuer,https://www.sedar.com/ModifyCompanyDocumentSearchForm.do?lang=EN&company_search=Excellon Resources Inc&document_selection=0&industry_group=A&FromDate=13&FromMonth=05&FromYear=2000&ToDate=13&ToMonth=11&ToYear=2020&Variable=Issuer
2003-01-31,EXN.TO,USD,,2003-01-31,2003-01-31,2003,Q4,98963.597768,0.0,0.0,0.0,-86255.68761,0.0,0.0,0.0,-86255.68761,-418598.337936,-405890.427778,0.0,0.0,0.0,0.0,231561.558618,231561.558618,0.0,0.0,0.0,0.0,-88732.125923,-88732.125923,0.0,26533.855865,28397.552592,1863.696727,-405890.427778,0.0,-405890.427778,https://www.sedar.com/ModifyCompanyDocumentSearchForm.do?lang=EN&company_search=Excellon Resources Inc&document_selection=0&industry_group=A&FromDate=13&FromMonth=05&FromYear=2000&ToDate=13&ToMonth=11&ToYear=2020&Variable=Issuer,https://www.sedar.com/ModifyCompanyDocumentSearchForm.do?lang=EN&company_search=Excellon Resources Inc&document_selection=0&industry_group=A&FromDate=13&FromMonth=05&FromYear=2000&ToDate=13&ToMonth=11&ToYear=2020&Variable=Issuer
2002-10-31,EXN.TO,USD,,2002-10-31,2002-10-31,2003,Q3,-227462.100556,0.0,0.0,0.0,59010.861406,0.0,0.0,0.0,59010.861406,-0.6415480000141542,-168451.880698,0.0,0.0,0.0,0.0,187402.564909,187402.564909,0.0,0.0,0.0,0.0,-19307.384858,-19307.384858,0.0,-356.700648,1863.696727,2220.397375,-168451.880698,0.0,-168451.880698,https://www.sedar.com/ModifyCompanyDocumentSearchForm.do?lang=EN&company_search=Excellon Resources Inc&document_selection=0&industry_group=A&FromDate=13&FromMonth=05&FromYear=2000&ToDate=13&ToMonth=11&ToYear=2020&Variable=Issuer,https://www.sedar.com/ModifyCompanyDocumentSearchForm.do?lang=EN&company_search=Excellon Resources Inc&document_selection=0&industry_group=A&FromDate=13&FromMonth=05&FromYear=2000&ToDate=13&ToMonth=11&ToYear=2020&Variable=Issuer
